,customer_id,prediction,no_churn_proba,churn_proba
0,3243-ZHOHY,0,0.9328341855146559,0.06716581448534405
1,5793-YOLJN,0,0.9938880980753745,0.00611190192462555
2,1265-ZFOSD,0,0.9856668840267214,0.01433311597327859
3,7037-MTYVW,0,0.931626081012151,0.06837391898784899
4,7242-QZLXF,1,0.37868245881512164,0.6213175411848784
5,9227-UAQFT,0,0.929584160634216,0.07041583936578398
6,5832-EXGTT,0,0.8915295128150528,0.10847048718494727
7,2923-ARZLG,0,0.7886420859618494,0.2113579140381506
8,7244-QWYHG,0,0.9693842087866339,0.030615791213366158
9,5067-WJEUN,0,0.9896459356681551,0.010354064331844954
10,2894-QOJRX,0,0.7167425278762731,0.2832574721237269
11,3727-OVPRY,0,0.9904317025094739,0.009568297490526127
12,2209-XADXF,0,0.5406806569361049,0.4593193430638951
13,8242-JSVBO,0,0.5866623833410798,0.41333761665892027
14,1471-GIQKQ,0,0.6238244418138945,0.3761755581861055
15,6817-WTYHE,0,0.623563465334521,0.376436534665479
16,6870-ZWMNX,0,0.9857797246846086,0.014220275315391419
17,7639-SUPCW,0,0.88101097167986,0.11898902832014004
18,3744-ZRRDZ,1,0.39181940343751354,0.6081805965624865
19,4829-AUOAX,0,0.6814124715235138,0.3185875284764862
20,0862-PRCBS,0,0.9280626523281144,0.07193734767188559
21,4896-CPRPF,0,0.9640337176535877,0.035966282346412276
22,0991-BRRFB,0,0.8310391573824354,0.16896084261756458
23,1184-PJVDB,1,0.3021392925373928,0.6978607074626072
24,1060-ENTOF,0,0.9221020437169496,0.0778979562830504
25,1891-QRQSA,0,0.8724031320276258,0.1275968679723743
26,2208-NKVVH,0,0.9825377567571327,0.017462243242867305
27,9667-TKTVZ,0,0.6979815047687385,0.3020184952312615
28,8718-PTMEZ,0,0.5698567937363634,0.4301432062636366
29,6229-UOLQL,0,0.9851741119472704,0.014825888052729502
30,7445-WMRBW,0,0.9446578598189582,0.05534214018104174
31,2731-GJRDG,0,0.7640226198471208,0.2359773801528792
32,8878-HMWBV,1,0.45465999886654884,0.5453400011334512
33,6434-TTGJP,0,0.9077841220079325,0.0922158779920675
34,3737-GCSPV,0,0.630680874911661,0.3693191250883389
35,9057-SIHCH,1,0.200846333531303,0.799153666468697
36,6075-QMNRR,0,0.9623710399761584,0.03762896002384167
37,5825-XJOCM,0,0.9609545794333265,0.03904542056667347
38,4986-MXSFP,0,0.7139223713913252,0.28607762860867486
39,0337-CNPZE,1,0.4547719702767852,0.5452280297232148
40,7921-BEPCI,0,0.9928491288893029,0.007150871110697156
41,7233-IOQNP,0,0.9681186650488866,0.03188133495111342
42,6599-GZWCM,0,0.6870496871323102,0.3129503128676898
43,7693-LCKZL,1,0.3111410823081995,0.6888589176918005
44,9497-QCMMS,1,0.13148832047047643,0.8685116795295236
45,7903-CMPEY,1,0.26555297908444875,0.7344470209155513
46,5887-IKKYO,0,0.9102263469001753,0.08977365309982466
47,8859-YSTWS,0,0.9813925084733164,0.01860749152668358
48,0734-OXWBT,0,0.7579501718920757,0.24204982810792433
49,3301-VKTGC,0,0.947014750426941,0.05298524957305889
50,6892-EZDTG,1,0.2707780280152745,0.7292219719847255
51,4299-SIMNS,1,0.3933666057589468,0.6066333942410532
52,3785-NRHYR,0,0.7510247826539261,0.2489752173460739
53,0943-ZQPXH,0,0.6187715434831107,0.3812284565168893
54,3090-LETTY,0,0.7583719741246041,0.2416280258753959
55,1580-BMCMR,1,0.40222151874045786,0.5977784812595421
56,8229-BUJHX,0,0.9967169853383924,0.003283014661607585
57,2361-UPSND,0,0.9860551562380077,0.01394484376199231
58,8380-PEFPE,1,0.2863666177540606,0.7136333822459394
59,9708-KFDBY,0,0.7273377618744967,0.2726622381255032
60,5389-FFVKB,0,0.5230565508203933,0.47694344917960674
61,5835-BEQEU,1,0.22952759499544562,0.7704724050045544
62,6253-GNHWH,0,0.9956590445958398,0.004340955404160194
63,8519-QJGJD,1,0.4900803345882657,0.5099196654117343
64,3454-JFUBC,0,0.9908523496437014,0.009147650356298604
65,0032-PGELS,0,0.7102974357427194,0.2897025642572805
66,1227-UDMZR,0,0.9794711880340214,0.020528811965978586
67,0670-KDOMA,0,0.7014983153653715,0.29850168463462845
68,2623-DRYAM,0,0.7739075613393197,0.22609243866068027
69,3523-BRGUW,0,0.9319723929292576,0.06802760707074239
70,6988-CJEYV,0,0.6305408371866955,0.3694591628133045
71,6048-UWKAL,0,0.926536488823027,0.07346351117697307
72,2729-VNVAP,0,0.9777243341887415,0.022275665811258498
73,8450-LUGUK,0,0.9598783494926401,0.040121650507359954
74,6275-YDUVO,1,0.3512184869315348,0.6487815130684652
75,7623-HKYRK,0,0.8267550965211777,0.17324490347882227
76,9489-JMTTN,0,0.9907086723584062,0.00929132764159377
77,6713-OKOMC,0,0.8194708680875025,0.1805291319124976
78,4609-KNNWG,0,0.9718246132418188,0.028175386758181237
79,4568-TTZRT,0,0.8248231573929647,0.17517684260703523
80,8374-UULRV,0,0.9886696131404593,0.011330386859540688
81,5649-TJHOV,0,0.6903926117594532,0.30960738824054684
82,3779-OSWCF,0,0.9880605331997139,0.011939466800286134
83,8961-QDZZJ,0,0.814684325673698,0.18531567432630197
84,7504-UWHNB,0,0.5894469358968702,0.41055306410312975
85,4732-RRJZC,0,0.8345893947249372,0.16541060527506282
86,6776-TLWOI,0,0.770993414006679,0.229006585993321
87,2202-CUYXZ,1,0.2209965755240636,0.7790034244759364
88,2408-PSJVE,0,0.9464284389734112,0.05357156102658875
89,7273-TEFQD,1,0.23394356908747282,0.7660564309125272
90,3196-NVXLZ,0,0.5633034130927197,0.43669658690728025
91,5857-XRECV,0,0.844340312041183,0.15565968795881707
92,9076-AXYIK,0,0.8288777388840319,0.17112226111596804
93,8883-ANODQ,0,0.9378565343196545,0.06214346568034541
94,2878-RMWXY,0,0.8885154689272204,0.11148453107277959
95,4302-ZYFEL,0,0.9940894153656337,0.005910584634366288
96,4765-OXPPD,0,0.9245628723814249,0.07543712761857511
97,5619-XZZKR,0,0.8554689700156536,0.14453102998434644
98,0508-OOLTO,1,0.3335748899284262,0.6664251100715738
99,9029-FEGVJ,0,0.6670312165716832,0.3329687834283168
100,7074-IEVOJ,1,0.2342947080919593,0.7657052919080407
101,4622-YNKIJ,0,0.8316951049831087,0.16830489501689128
102,4980-URKXC,0,0.9641893979428459,0.03581060205715411
103,1460-UZPRJ,0,0.9937328041963956,0.006267195803604325
104,5317-FLPJF,0,0.9783814972822872,0.02161850271771286
105,3230-WYKIR,0,0.775415669042486,0.2245843309575139
106,6368-TZZDT,0,0.8760081214642187,0.12399187853578134
107,0354-WYROK,0,0.5215437312915504,0.4784562687084496
108,3896-RCYYE,0,0.9577905458347126,0.04220945416528745
109,0980-FEXWF,0,0.9285966238463363,0.07140337615366361
110,0295-QVKPB,0,0.6680332173808041,0.3319667826191959
111,6479-SZPLM,0,0.9775488613848863,0.022451138615113733
112,4307-KWMXE,0,0.6882732124445082,0.31172678755549177
113,4459-BBGHE,0,0.6531795258443194,0.34682047415568057
114,0617-AQNWT,0,0.9869754929673532,0.01302450703264681
115,4013-GUXND,0,0.7481200726384996,0.25187992736150044
116,7996-MHXLW,0,0.9914272639981158,0.008572736001884192
117,4208-UFFGW,0,0.6227850372626271,0.37721496273737287
118,3420-ZDBMA,1,0.33662489703532517,0.6633751029646748
119,2533-QVMSK,0,0.8762838071204343,0.12371619287956569
120,7722-VJRQD,0,0.9891421468243905,0.010857853175609503
121,4903-UYAVB,0,0.7921235358768597,0.20787646412314031
122,1930-WNXSB,0,0.7251822944076554,0.2748177055923446
123,7831-QGOXH,1,0.3568365456829533,0.6431634543170467
124,7270-BDIOA,0,0.5000286412381183,0.49997135876188165
125,9174-IHETN,0,0.9417060657805859,0.05829393421941408
126,0027-KWYKW,1,0.4595068428558233,0.5404931571441767
127,7274-RTAPZ,1,0.19789988879695664,0.8021001112030434
128,4671-VJLCL,0,0.9858095706809842,0.014190429319015868
129,4578-PHJYZ,0,0.9561553685232653,0.043844631476734695
130,5827-MWCZK,0,0.8418342596215216,0.1581657403784784
131,5512-IDZEI,0,0.971169061369125,0.028830938630875047
132,2578-JQPHZ,0,0.8436634052745566,0.15633659472544342
133,7426-RHZGU,1,0.4008457029480075,0.5991542970519925
134,4534-WGCIR,0,0.9925338588786536,0.00746614112134636
135,6546-OPBBH,0,0.9816315693714204,0.018368430628579673
136,7826-VVKWT,1,0.48767330720022917,0.5123266927997708
137,4701-MLJPN,0,0.8276345989997385,0.17236540100026151
138,3002-WQZWT,0,0.5247863841161106,0.47521361588388944
139,4890-VMUAV,0,0.9838196237066745,0.016180376293325513
140,5275-PMFUT,0,0.9877539473607905,0.012246052639209559
141,1965-DDBWU,1,0.49552271554132177,0.5044772844586782
142,7241-AJHFS,0,0.82176831731737,0.17823168268262998
143,9830-ECLEN,0,0.9852317163508693,0.014768283649130768
144,6682-VCIXC,0,0.9699100285821247,0.0300899714178753
145,9576-SYUHJ,0,0.6077478587161727,0.3922521412838273
146,0128-MKWSG,0,0.9360195739057231,0.06398042609427691
147,2911-WDXMV,1,0.4836737942422561,0.5163262057577439
148,2690-DVRVK,0,0.810006959166767,0.18999304083323296
149,0356-OBMAC,0,0.8360904958169401,0.1639095041830599
150,8739-WWKDU,1,0.3359830642917335,0.6640169357082665
151,9820-RMCQV,0,0.8685478164936471,0.13145218350635288
152,4174-LPGTI,0,0.9519658406737915,0.04803415932620846
153,7359-WWYJV,0,0.9499903473701201,0.05000965262987992
154,2379-ENZGV,1,0.2962300207483176,0.7037699792516824
155,6371-NZYEG,0,0.9295318555977219,0.07046814440227807
156,7139-JZFVG,0,0.9887316464896543,0.011268353510345748
157,5442-PPTJY,0,0.9254421090800257,0.07455789091997436
158,8167-GJLRN,0,0.5784781703015467,0.4215218296984533
159,8383-SGHJU,0,0.9589476512032223,0.041052348796777674
160,9529-OFXHY,1,0.49753483410123023,0.5024651658987698
161,3146-JTQHR,0,0.8619195213252117,0.13808047867478837
162,1960-UYCNN,1,0.2417527278074766,0.7582472721925234
163,4450-YOOHP,0,0.7966345613561453,0.20336543864385467
164,1174-FGIFN,0,0.6917818134626761,0.30821818653732386
165,7605-SNLQG,0,0.9208312592177481,0.07916874078225186
166,0697-ZMSWS,1,0.20218387725393927,0.7978161227460607
167,3733-UOCWF,0,0.8808728485278658,0.11912715147213421
168,7707-PYBBH,0,0.959215105801567,0.04078489419843298
169,9964-WBQDJ,0,0.9937730230798333,0.0062269769201666715
170,3398-ZOUAA,1,0.37341914255087594,0.6265808574491241
171,3022-BEXHZ,0,0.867014484009767,0.132985515990233
172,9330-VOFSZ,0,0.8692652518658124,0.13073474813418764
173,0709-TVGUR,1,0.2561973986464835,0.7438026013535165
174,1047-NNCBF,0,0.6346069838423409,0.365393016157659
175,6518-LGAOV,0,0.5293090425763576,0.4706909574236424
176,6933-FHBZC,0,0.8987980355266187,0.10120196447338126
177,2439-QKJUL,0,0.7893541008753346,0.21064589912466541
178,4770-UEZOX,1,0.2916406372012098,0.7083593627987902
179,3640-PHQXK,1,0.42130596941805754,0.5786940305819425
180,7346-MEDWM,0,0.7619627633799612,0.2380372366200388
181,1196-AMORA,1,0.35580618188500013,0.6441938181149999
182,7596-ZYWBB,0,0.9945884608699148,0.005411539130085168
183,6005-OBZPH,1,0.3844653633372265,0.6155346366627735
184,6131-FOYAS,0,0.832618687906034,0.16738131209396606
185,4782-OSFXZ,0,0.9786701779870283,0.02132982201297177
186,5393-RXQSZ,1,0.29733150224006777,0.7026684977599322
187,6723-CEGQI,0,0.9925381839257746,0.00746181607422537
188,3026-ATZYV,0,0.9592349020647652,0.040765097935234786
189,8645-KWHJO,1,0.49874883240448487,0.5012511675955151
190,8663-UPDGF,0,0.8382260942533333,0.16177390574666678
191,9129-UXERG,1,0.46952260733588647,0.5304773926641135
192,4615-PIVVU,0,0.966282587480163,0.033717412519836926
193,1125-SNVCK,0,0.9541915544509455,0.04580844554905447
194,7995-ZHHNZ,0,0.9672296719668293,0.03277032803317066
195,7711-YIJWC,0,0.9838234488486275,0.016176551151372554
196,5989-PGKJB,1,0.39504975402683695,0.604950245973163
197,5198-EFNBM,0,0.7406316745455317,0.25936832545446836
198,2178-PMGCJ,0,0.5967297162231907,0.4032702837768093
199,9602-WCXPI,0,0.9864176416181436,0.013582358381856395
200,9498-FIMXL,0,0.8544841355710041,0.1455158644289959
201,1187-WILMM,0,0.9787704789505507,0.021229521049449307
202,8242-SOQUO,1,0.262600178566621,0.737399821433379
203,0148-DCDOS,1,0.37564928513382834,0.6243507148661717
204,9300-AGZNL,1,0.1307983682629409,0.8692016317370591
205,9052-DHNKM,0,0.9080919458555152,0.09190805414448475
206,1098-TDVUQ,0,0.6376545557536291,0.36234544424637094
207,1363-TXLSL,1,0.20255739610046886,0.7974426038995311
208,0757-WCUUZ,0,0.9645938137890331,0.03540618621096687
209,7384-GHBPI,1,0.3185513843153004,0.6814486156846996
210,6365-HITVU,0,0.9922674855838728,0.007732514416127208
211,9134-WYRVP,0,0.9379572630251494,0.06204273697485069
212,0147-ESWWR,1,0.48847593980833814,0.5115240601916619
213,0415-MOSGF,0,0.7188171138593173,0.2811828861406826
214,9360-OMDZZ,1,0.30910279722660094,0.690897202773399
215,9681-OXGVC,1,0.1998400796293246,0.8001599203706754
216,1591-MQJTP,0,0.7666402186631026,0.23335978133689736
217,0164-APGRB,0,0.9007391881876101,0.09926081181238988
218,1258-YMZNM,0,0.6046556507250593,0.3953443492749406
219,4423-YLHDV,1,0.4867154456885082,0.5132845543114918
220,8292-TYSPY,0,0.811935107861133,0.18806489213886704
221,0513-RBGPE,0,0.967851900448688,0.032148099551312086
222,2889-FPWRM,0,0.8906346180188122,0.10936538198118781
223,1465-VINDH,1,0.3926628280895559,0.6073371719104441
224,8295-KMENE,0,0.9856808631155354,0.01431913688446461
225,6905-NIQIN,0,0.7077578885145888,0.2922421114854112
226,6508-NJYRO,0,0.9189204442479662,0.08107955575203386
227,2616-UUTFK,0,0.8424423962572749,0.15755760374272507
228,0581-BXBUB,1,0.37198897000368614,0.6280110299963139
229,1534-OULXE,0,0.9874641731421456,0.012535826857854322
230,9127-QRZMH,0,0.9749250401552663,0.02507495984473372
231,1028-FFNJK,1,0.3838354479317706,0.6161645520682294
232,8258-GSTJK,1,0.17834352905903883,0.8216564709409612
233,8748-HFWBO,0,0.943666507936784,0.056333492063216
234,1357-BIJKI,0,0.6740139291566591,0.3259860708433408
235,9405-GPBBG,0,0.8820067194989035,0.11799328050109652
236,3427-GGZZI,1,0.3812522016824672,0.6187477983175328
237,7593-JNWRU,0,0.6197072342216954,0.38029276577830456
238,6121-TNHBO,0,0.9797665010413131,0.02023349895868689
239,8108-UXRQN,0,0.6876265903954911,0.3123734096045089
240,0076-LVEPS,0,0.9267385313231655,0.07326146867683453
241,4652-ODEVH,0,0.9844857569940587,0.015514243005941248
242,5642-MHDQT,0,0.9853924384351532,0.014607561564846735
243,2758-RNWXS,0,0.8100562316786536,0.1899437683213464
244,5935-FCCNB,1,0.2355918310815457,0.7644081689184543
245,8606-OEGQZ,0,0.9355941846595621,0.06440581534043789
246,7742-MYPGI,0,0.8061456042995393,0.19385439570046073
247,0302-JOIVN,1,0.36480900007454986,0.6351909999254501
248,1142-WACZW,0,0.6261450976443521,0.37385490235564783
249,4628-CTTLA,0,0.9057537692288169,0.09424623077118306
250,7771-CFQRQ,0,0.9788342365331573,0.021165763466842766
251,6289-CPNLD,0,0.918582410252107,0.081417589747893
252,7228-PAQPD,0,0.8996663377181111,0.10033366228188888
253,3682-YEUWS,0,0.7642162051052385,0.23578379489476156
254,4109-CYRBD,0,0.6493951082843854,0.3506048917156146
255,4828-FAZPK,0,0.561520629121584,0.4384793708784161
256,9921-ZVRHG,1,0.3397012415767675,0.6602987584232325
257,9399-APLBT,1,0.359110125699311,0.640889874300689
258,7711-GQBZC,0,0.9956462561134259,0.004353743886574031
259,1455-ESIQH,1,0.20101525199515247,0.7989847480048475
260,3389-KTRXV,0,0.9560247217007147,0.04397527829928527
261,6728-WYQBC,0,0.6865184180892041,0.3134815819107959
262,4706-DGAHW,1,0.47289021907242035,0.5271097809275797
263,3803-KMQFW,0,0.8086722837834466,0.19132771621655342
264,4837-PZTIC,0,0.9871454843446938,0.012854515655306181
265,9152-AMKAK,0,0.8536738332222236,0.1463261667777764
266,2592-YKDIF,0,0.7794073838678047,0.22059261613219527
267,9297-FVVDH,0,0.9633509998601413,0.03664900013985867
268,8120-JDCAM,1,0.4513472419895245,0.5486527580104755
269,9970-QBCDA,0,0.8087725743909573,0.19122742560904266
270,6400-BWQKW,1,0.4202815074288959,0.5797184925711041
271,5140-FOMCQ,0,0.8651998314571199,0.1348001685428801
272,9026-LHEVG,0,0.5572819925928796,0.4427180074071205
273,0060-FUALY,0,0.8146184658005513,0.18538153419944875
274,4508-OEBEY,0,0.9421600989157413,0.05783990108425875
275,0384-LPITE,0,0.9346965945468094,0.06530340545319056
276,1963-SVUCV,0,0.5506421637834442,0.44935783621655584
277,0343-QLUZP,0,0.9855058555872397,0.014494144412760349
278,7905-NJMXS,0,0.7536045964731386,0.24639540352686137
279,8039-ACLPL,0,0.9935986578669581,0.00640134213304189
280,4257-GAESD,0,0.5665608191948877,0.4334391808051124
281,8979-CAMGB,0,0.8044258774579327,0.19557412254206735
282,6904-JLBGY,0,0.9107754834122744,0.08922451658772561
283,5073-WXOYN,0,0.8923811189370839,0.10761888106291606
284,6953-PBDIN,0,0.9835027677939141,0.016497232206085885
285,2144-ESWKO,0,0.9513026703444534,0.04869732965554657
286,0104-PPXDV,0,0.9785295753680524,0.021470424631947607
287,9251-AWQGT,0,0.9913900395215801,0.008609960478419899
288,3296-SILRA,1,0.37012639850546303,0.629873601494537
289,3913-RDSJZ,0,0.9941740371623881,0.005825962837611959
290,4697-LUPSU,0,0.8630462590550122,0.13695374094498783
291,3439-GVUSX,0,0.5768048861274787,0.4231951138725213
292,9570-KYEUA,0,0.9509946281627636,0.049005371837236446
293,3814-MLAXC,0,0.7320161671424258,0.2679838328575742
294,8879-ZKJOF,0,0.9467822798120666,0.053217720187933394
295,7005-CCBKV,1,0.27621592757955626,0.7237840724204437
296,7508-MYBOG,1,0.2860097081907963,0.7139902918092037
297,2294-DMMUS,0,0.9324055238303467,0.06759447616965335
298,0221-WMXNQ,1,0.4287019067488218,0.5712980932511782
299,2359-KLTEK,0,0.6271535643068066,0.3728464356931934
300,8246-SHFGA,0,0.866686440512524,0.13331355948747606
301,6522-OIQSX,0,0.9741246390725025,0.02587536092749756
302,2541-YGPKE,0,0.9808172710606714,0.01918272893932861
303,7459-IMVYU,0,0.9325949766766636,0.06740502332333645
304,6481-OGDOO,0,0.9383472763296298,0.06165272367037023
305,6445-TNRXS,0,0.9182048037221072,0.08179519627789274
306,2439-LYPMQ,1,0.34031843365499737,0.6596815663450026
307,7028-DVOIQ,1,0.3043200320537651,0.6956799679462349
308,3752-CQSJI,0,0.8480162691222362,0.15198373087776387
309,9885-AIBVB,1,0.4595238986487591,0.5404761013512409
310,1703-MGIAB,0,0.7849042982566363,0.21509570174336373
311,6198-ZFIOJ,1,0.3674934629744898,0.6325065370255102
312,1207-BLKSA,0,0.9912252907129078,0.00877470928709218
313,9391-DXGGG,0,0.8222722292127205,0.17772777078727953
314,9938-EKRGF,0,0.9000830193032886,0.09991698069671143
315,8249-THVEC,0,0.9905125336149816,0.009487466385018375
316,6551-ZCOTS,0,0.8952352870797943,0.10476471292020574
317,9824-BEMCV,1,0.45385524114420417,0.5461447588557958
318,8630-FJLIB,1,0.45793851645181927,0.5420614835481807
319,8903-XEBGX,1,0.4505655433681556,0.5494344566318444
320,1755-RMCXH,0,0.7915361834022853,0.2084638165977147
321,7089-RKVSZ,0,0.8784404259991623,0.12155957400083767
322,4323-ELYYB,0,0.9228050509267923,0.07719494907320767
323,9281-PKKZE,0,0.808870245536232,0.19112975446376804
324,7706-DZNKK,0,0.7573235007720581,0.24267649922794185
325,0804-YGEQV,0,0.967707217430667,0.03229278256933294
326,7963-SHNDT,0,0.9924033804307639,0.007596619569236085
327,2378-HTWFW,0,0.6936990915627914,0.3063009084372086
328,6734-CKRSM,0,0.7989575946964667,0.2010424053035333
329,7516-GMHUV,0,0.7678868202402706,0.23211317975972948
330,3649-JPUGY,0,0.9619536018116414,0.03804639818835867
331,7203-OYKCT,0,0.7670261025268256,0.23297389747317443
332,5919-VCZYM,0,0.7604011514754017,0.2395988485245983
333,7797-EJMDP,0,0.8469430318831901,0.15305696811680997
334,6356-ELRKD,1,0.3368494620466109,0.6631505379533891
335,2192-OZITF,0,0.9799185386802216,0.020081461319778414
336,1899-VXWXM,0,0.7006985519716324,0.2993014480283675
337,7526-BEZQB,1,0.22579982735780024,0.7742001726421998
338,9189-JWSHV,1,0.28593883342571336,0.7140611665742866
339,6122-LJADA,0,0.9832006972879626,0.0167993027120375
340,3247-MHJKM,0,0.7496383727777647,0.2503616272222353
341,9306-CPCBC,1,0.26845763512511045,0.7315423648748896
342,4188-PCPIG,0,0.9874883552732016,0.012511644726798462
343,7521-YXVZY,0,0.8000465882113923,0.19995341178860768
344,3877-JRJIP,1,0.37297463654895147,0.6270253634510485
345,7841-FCRQD,0,0.9530026633703208,0.04699733662967919
346,8535-SFUTN,0,0.68456793321589,0.3154320667841099
347,0696-UKTOX,0,0.8801369255708952,0.11986307442910482
348,5934-RMPOV,1,0.4176820138652777,0.5823179861347223
349,5499-ECUTN,0,0.9635310424189699,0.03646895758103011
350,0396-HUJBP,0,0.7911356232178856,0.20886437678211447
351,6257-DTAYD,0,0.9091474658360458,0.09085253416395424
352,3729-OWRVL,0,0.8209281153238013,0.17907188467619867
353,4439-JMPMT,1,0.44038337116740855,0.5596166288325914
354,8064-RAVOH,1,0.47275745718110196,0.527242542818898
355,2446-ZKVAF,0,0.7908941349945265,0.20910586500547348
356,2925-MXLSX,0,0.8689122220112939,0.13108777798870602
357,7527-QNRUS,0,0.89766598968087,0.10233401031912999
358,9225-BZLNZ,0,0.9591634914135995,0.040836508586400484
359,2257-BOVXD,0,0.7153000559336146,0.28469994406638544
360,1078-TDCRN,1,0.36158056232563274,0.6384194376743673
361,6897-RWMUB,0,0.9881343953530036,0.011865604646996347
362,0619-OLYUR,0,0.9214809160390945,0.0785190839609055
363,5277-ZLOOR,1,0.18192520588473837,0.8180747941152616
364,9777-WJJPR,0,0.6286709999947957,0.3713290000052043
365,1325-USMEC,0,0.9297391778424603,0.07026082215753973
366,4869-EPIUS,0,0.7930804201021763,0.20691957989782372
367,2236-HILPA,0,0.9948117347145821,0.005188265285417971
368,9677-AVKED,0,0.9303118220349347,0.06968817796506532
369,7820-ZYGNY,0,0.898803001058446,0.10119699894155398
370,9831-BPFRI,0,0.8150392717357984,0.18496072826420165
371,8260-NGFNY,0,0.6145446147732107,0.38545538522678935
372,3120-FAZKD,0,0.981436639803131,0.01856336019686901
373,7598-UAASY,1,0.3309281356352032,0.6690718643647968
374,7758-XKCBS,0,0.6376914559743884,0.36230854402561163
375,7483-IQWIB,0,0.5357323871851679,0.4642676128148321
376,3778-FOAQW,0,0.9567186225023799,0.04328137749762011
377,9469-WEJBT,0,0.5939216156845459,0.4060783843154541
378,7570-WELNY,0,0.9522833496727493,0.04771665032725067
379,1431-AIDJQ,0,0.9458459840238147,0.05415401597618526
380,1423-BMPBQ,0,0.7413781288061843,0.25862187119381574
381,5813-UECBU,0,0.5384650173227242,0.4615349826772758
382,0264-CNITK,0,0.9968415122600347,0.003158487739965332
383,2911-IJORQ,0,0.9144334283764891,0.0855665716235109
384,6746-WAUWT,0,0.8919315036706112,0.10806849632938872
385,3771-PZOBW,1,0.4156265588285364,0.5843734411714636
386,4282-YMKNA,1,0.31421064908263463,0.6857893509173654
387,0485-ZBSLN,0,0.9939809376374532,0.0060190623625468375
388,7061-OVMIM,0,0.9646132341695765,0.035386765830423564
389,5716-LIBJC,0,0.537531443638057,0.46246855636194295
390,5062-CJJKH,0,0.9331124968867832,0.06688750311321681
391,1813-JYWTO,0,0.9708307784236376,0.02916922157636233
392,7580-UGXNC,0,0.7946267041894357,0.20537329581056435
393,3533-UVMOM,0,0.9862999803078195,0.013700019692180473
394,2074-GKOWZ,1,0.2855550366061186,0.7144449633938814
395,2876-VBBBL,0,0.7014983153653715,0.29850168463462845
396,2982-IHMFT,1,0.29992388966282935,0.7000761103371707
397,3133-PZNSR,0,0.9657945256328413,0.03420547436715874
398,9821-BESNZ,0,0.8285878077849282,0.17141219221507173
399,5602-BVFMK,0,0.9175785069331284,0.08242149306687165
400,0463-ZSDNT,0,0.5618268170829425,0.43817318291705754
401,4445-KWOKW,0,0.9558705930706879,0.0441294069293121
402,1086-LXKFY,1,0.46362260933426047,0.5363773906657395
403,6176-YJWAS,0,0.9355945533235284,0.0644054466764716
404,6365-MTGZX,1,0.474711837063723,0.525288162936277
405,9074-KGVOX,0,0.9477826558670664,0.05221734413293356
406,5514-YQENT,0,0.8378983142711357,0.16210168572886433
407,1053-MXTTK,0,0.9564528420050143,0.04354715799498561
408,1666-JXLKU,1,0.411405268926745,0.588594731073255
409,5701-ZIKJE,0,0.802074982547583,0.19792501745241697
410,6818-DJXAA,1,0.4582330721639889,0.5417669278360111
411,3913-FCUUW,0,0.9919410654044599,0.008058934595540114
412,6625-IUTTT,0,0.9851038642194813,0.014896135780518753
413,3546-GHEAE,0,0.8862624666026659,0.11373753339733404
414,3696-DFHHB,0,0.9936160861737873,0.006383913826212746
415,1307-ATKGB,1,0.40076425973274366,0.5992357402672563
416,0193-ESZXP,0,0.9104317227391956,0.08956827726080446
417,9888-ZCUMM,0,0.9785965532612388,0.02140344673876119
418,6348-SNFUS,0,0.9906128402360195,0.009387159763980487
419,2722-JMONI,0,0.5556810945038317,0.44431890549616826
420,9774-NRNAU,0,0.6685724136095744,0.3314275863904256
421,2960-NKRSO,0,0.5693059100374446,0.4306940899625554
422,2740-TVLFN,1,0.39987624912534336,0.6001237508746566
423,2230-XTUWL,0,0.991573677245146,0.008426322754853948
424,7524-VRLPL,0,0.9863502122454113,0.013649787754588737
425,3512-IZIKN,0,0.993989536595026,0.006010463404973969
426,7850-THJMU,0,0.9672901536979607,0.0327098463020393
427,2003-CKLOR,0,0.7643596403234039,0.2356403596765961
428,0112-QWPNC,0,0.9509472275688666,0.049052772431133346
429,6654-QGBZZ,0,0.7804466948454725,0.2195533051545275
430,1240-HCBOH,0,0.9925273574661984,0.007472642533801612
431,8309-IEYJD,1,0.34051754268790313,0.6594824573120969
432,2387-KDZQY,0,0.8930619218472915,0.10693807815270852
433,2305-MRGLV,0,0.7605409417677305,0.23945905823226948
434,5756-OZRIO,0,0.9531966290989359,0.046803370901064165
435,1589-AGTLK,1,0.472656139054888,0.527343860945112
436,2996-XAUVF,0,0.9862642937553405,0.013735706244659513
437,9480-BQJEI,0,0.8953403110867895,0.1046596889132105
438,8414-OOEEL,0,0.9775469395933263,0.02245306040667367
439,6458-CYIDZ,0,0.5100117953730736,0.4899882046269263
440,7529-ZDFXI,0,0.6044362556328495,0.3955637443671505
441,4950-BDEUX,0,0.729195000905178,0.2708049990948221
442,3134-DSHVC,0,0.9500258212464961,0.049974178753503865
443,9254-RBFON,0,0.7408472188673305,0.2591527811326695
444,8874-EJNSR,0,0.9779621918559889,0.022037808144011104
445,6108-OQZDQ,1,0.2720569610594442,0.7279430389405558
446,9746-UGFAC,0,0.9340084312634779,0.06599156873652215
447,0394-YONDK,0,0.9954764024218177,0.004523597578182328
448,0867-MKZVY,0,0.6425665856508469,0.35743341434915304
449,4726-DLWQN,0,0.8972376017500114,0.10276239824998859
450,0771-WLCLA,0,0.5167512605871984,0.4832487394128016
451,0637-KVDLV,1,0.22301209565789604,0.776987904342104
452,1265-BCFEO,0,0.9682215202497959,0.03177847975020409
453,6435-SRWBJ,1,0.3700538916710254,0.6299461083289746
454,4134-BSXLX,0,0.956615902930587,0.04338409706941307
455,5144-PQCDZ,0,0.7043478306404825,0.2956521693595176
456,9945-PSVIP,0,0.9557026527749178,0.04429734722508214
457,8097-OMULG,0,0.9796890643640966,0.020310935635903315
458,0379-DJQHR,0,0.9860724544516203,0.013927545548379681
459,8815-LMFLX,0,0.8477201884442503,0.15227981155574968
460,0895-DQHEW,0,0.5633465900588208,0.4366534099411792
461,9128-CPXKI,0,0.8434875511851889,0.15651244881481108
462,5061-PBXFW,0,0.9661661213437679,0.03383387865623211
463,0067-DKWBL,0,0.5251644403678185,0.4748355596321815
464,0742-LAFQK,0,0.8837686621261369,0.11623133787386303
465,0795-LAFGP,0,0.9813604743753611,0.01863952562463889
466,9746-YKGXB,0,0.9706198519846692,0.029380148015330867
467,9313-QOLTZ,0,0.925008439257702,0.07499156074229799
468,7298-IZWLY,0,0.7038877813962519,0.2961122186037482
469,1766-GKNMI,1,0.3908941471815619,0.6091058528184381
470,2027-FECZV,1,0.2278197207420316,0.7721802792579684
471,7811-JIVPF,0,0.8602889644628865,0.1397110355371135
472,9253-QXKBE,1,0.2896850804165544,0.7103149195834456
473,4465-VDKIQ,0,0.56892639570441,0.4310736042955901
474,8065-QBYTO,0,0.9454915087988423,0.05450849120115771
475,2260-USTRB,1,0.2871869700741032,0.7128130299258968
476,5019-GQVCR,1,0.4699943266124913,0.5300056733875087
477,8267-KFGYD,0,0.700193187903119,0.299806812096881
478,8065-YKXKD,1,0.3217960906458307,0.6782039093541693
479,4531-AUZNK,0,0.9380640808547102,0.06193591914528989
480,4723-BEGSG,0,0.9869261061822598,0.013073893817740153
481,9822-BIIGN,0,0.9575559426053094,0.042444057394690565
482,5951-AOFIH,0,0.8198514076419903,0.18014859235800973
483,5663-QBGIS,0,0.874906282882487,0.12509371711751308
484,5244-IRFIH,1,0.31396124775391165,0.6860387522460883
485,3705-RHRFR,0,0.9350790444701652,0.06492095552983483
486,5696-EXCYS,0,0.9249051513784577,0.07509484862154228
487,0877-SDMBN,0,0.8160778897268094,0.1839221102731906
488,9095-HFAFX,1,0.395917641786368,0.604082358213632
489,2650-GYRYL,0,0.9488997611143012,0.05110023888569885
490,2682-KEVRP,0,0.9047402114781229,0.09525978852187715
491,6507-ZJSUR,1,0.28376021333596435,0.7162397866640356
492,6243-OZGFH,0,0.56837858052913,0.43162141947086996
493,5985-BEHZK,0,0.8697708671378149,0.13022913286218504
494,3197-NNYNB,0,0.8793230096344612,0.12067699036553885
495,4430-UZIPO,0,0.6382576417248356,0.3617423582751645
496,2967-MXRAV,0,0.8582763366206317,0.14172366337936823
497,3148-AOIQT,0,0.9929068682411483,0.007093131758851734
498,4057-FKCZK,0,0.9062818221437503,0.0937181778562497
499,0970-ETWGE,1,0.20004450482259362,0.7999554951774064
500,0635-WKOLD,0,0.9539139530104453,0.046086046989554645
501,9351-LZYGF,0,0.9581919054745816,0.0418080945254184
502,3847-BAERP,0,0.7932438345645961,0.20675616543540384
503,4825-FUREZ,0,0.9706829544400857,0.02931704555991431
504,7268-WNTCP,0,0.9935879457204159,0.006412054279584166
505,3090-HAWSU,0,0.8931834447758813,0.10681655522411872
506,6173-GOLSU,0,0.7125352603043056,0.28746473969569447
507,8012-SOUDQ,0,0.5289051415553734,0.47109485844462656
508,2150-UWTFY,0,0.9317710767867498,0.06822892321325019
509,3320-VEOYC,1,0.18982842360302965,0.8101715763969703
510,2990-OGYTD,0,0.9741599925592563,0.025840007440743645
511,0206-TBWLC,0,0.9062391061629186,0.09376089383708144
512,0432-CAJZV,1,0.4121819847490772,0.5878180152509228
513,9332-GYWLO,0,0.6605602842072665,0.33943971579273347
514,1027-LKKQQ,0,0.9871502575120743,0.012849742487925671
515,4097-YODCF,0,0.7001847473298195,0.29981525267018044
516,5133-POWUA,0,0.584941997001584,0.415058002998416
517,3800-LYTRK,0,0.9544295987595393,0.04557040124046069
518,4939-KYYPY,0,0.8273961231381499,0.17260387686185008
519,7572-KPVKK,0,0.8140749999839458,0.1859250000160541
520,3014-WJKSM,0,0.6013944779574825,0.39860552204251753
521,1488-SYSFC,0,0.8800029192490852,0.11999708075091477
522,6164-HAQTX,0,0.9920970808725901,0.007902919127409903
523,2424-WVHPL,1,0.37815020439338476,0.6218497956066152
524,4316-XCSLJ,0,0.8635685719724776,0.13643142802752237
525,2716-GFZOR,0,0.8296731200110955,0.17032687998890447
526,4282-MSACW,0,0.902966222969105,0.09703377703089504
527,5834-ASPWA,1,0.2190544432054642,0.7809455567945358
528,0730-KOAVE,0,0.6707292741845868,0.32927072581541317
529,3663-MITLP,1,0.32765811138473666,0.6723418886152633
530,8292-FRFZQ,0,0.9758686796443569,0.024131320355643162
531,0983-TATYJ,0,0.9517848296953558,0.04821517030464419
532,0921-OHLVP,1,0.44146974105893755,0.5585302589410625
533,8630-QSGXK,0,0.9310300638105852,0.06896993618941485
534,1150-WFARN,0,0.9429036965936546,0.05709630340634546
535,9231-ZJYAM,1,0.2339600558168925,0.7660399441831075
536,7188-CBBBA,0,0.8232007640715906,0.17679923592840946
537,6986-IXNDM,1,0.2715243389558031,0.7284756610441969
538,2220-IAHLS,0,0.7620916906159705,0.2379083093840295
539,0114-PEGZZ,1,0.4868973853180276,0.5131026146819724
540,0909-SDHNU,0,0.821318167819925,0.17868183218007505
541,4324-BZCKL,0,0.7617865269136557,0.23821347308634436
542,3500-NSDOA,0,0.9878283203944351,0.012171679605564886
543,9620-ENEJV,0,0.5390945000740645,0.46090549992593555
544,8348-HFYIV,1,0.2664045843082109,0.7335954156917891
545,2446-BEGGB,1,0.19619775658510397,0.803802243414896
546,4415-IJZTP,1,0.2514578848215736,0.7485421151784264
547,6485-QXWWE,0,0.9925364525788896,0.007463547421110464
548,1447-GIQMR,1,0.2608114137100369,0.7391885862899631
549,8763-KIAFH,0,0.952772991418719,0.047227008581281024
550,6647-ZEDXT,0,0.78544616257753,0.21455383742246997
551,5136-KCKGI,0,0.7873455614916336,0.21265443850836638
552,7109-MFBYV,0,0.8051083634144626,0.19489163658553746
553,2754-XBHTB,1,0.3974596989193957,0.6025403010806043
554,0567-XRHCU,0,0.9881734376708278,0.011826562329172199
555,1790-NESIO,0,0.8954955088129403,0.10450449118705972
556,7601-WFVZV,0,0.7512763050342302,0.24872369496576982
557,1154-HYWWO,0,0.9787256718735392,0.021274328126460795
558,9611-CTWIH,1,0.2429457727367037,0.7570542272632963
559,9761-XUJWD,0,0.6449206551945214,0.35507934480547865
560,2673-CXQEU,0,0.8052880437827,0.1947119562173
561,6374-AFWOX,0,0.9876674219853263,0.012332578014673693
562,3936-QQFLL,0,0.7613055245249507,0.23869447547504927
563,5949-HGVJL,0,0.7816670477627103,0.21833295223728968
564,4607-CHPCA,0,0.5426915953529075,0.4573084046470925
565,4062-HBMOS,0,0.5273023516828421,0.4726976483171579
566,2300-RQGOI,0,0.9818757096376752,0.018124290362324724
567,6537-OTKMY,0,0.6269199458644028,0.37308005413559714
568,5281-BUZGT,0,0.530118438559539,0.46988156144046095
569,5038-ETMLM,0,0.9295120086457249,0.07048799135427512
570,5515-RUGKN,0,0.5891396043838262,0.41086039561617377
571,1698-XFZCI,0,0.8009394662596863,0.1990605337403137
572,5977-CKHON,0,0.6147975670489012,0.38520243295109874
573,0310-MVLET,0,0.7102945189704362,0.2897054810295639
574,4369-NYSCF,0,0.9529751606306276,0.04702483936937236
575,3266-FTKHB,0,0.9329812466065154,0.06701875339348459
576,1840-BIUOG,0,0.8000622194502004,0.19993778054979963
577,0270-THENM,0,0.9938272634147851,0.00617273658521494
578,2805-AUFQN,0,0.9587469729824728,0.04125302701752723
579,6910-HADCM,1,0.35758749978490734,0.6424125002150927
580,5084-OOVCJ,0,0.9134104900124939,0.08658950998750616
581,3810-DVDQQ,0,0.9347075481046834,0.06529245189531663
582,2073-QBVBI,0,0.9754911142814693,0.024508885718530743
583,2969-WGHQO,0,0.8593177681182782,0.14068223188172185
584,8659-HDIYE,0,0.9583957671296075,0.041604232870392444
585,8348-JLBUG,0,0.9499373299466406,0.05006267005335936
586,4189-NAKJS,0,0.8486509269953884,0.1513490730046117
587,2732-ISEZX,0,0.7460841048896627,0.25391589511033724
588,9796-MVYXX,0,0.9116694246354605,0.08833057536453949
589,9753-OYLBX,0,0.7790601639978145,0.22093983600218547
590,1841-YSJGV,0,0.9407991517921579,0.05920084820784205
591,3992-YWPKO,1,0.4208024170605402,0.5791975829394598
592,5781-RFZRP,0,0.9929272422102651,0.00707275778973493
593,2984-MIIZL,1,0.31559179541616245,0.6844082045838376
594,6199-IPCAO,0,0.967934983727079,0.03206501627292101
595,6664-FPDAC,0,0.6937471428581959,0.30625285714180406
596,0559-CKHUS,0,0.9568366135863237,0.04316338641367638
597,2885-HIJDH,0,0.9834036049057244,0.01659639509427562
598,8612-GXIDD,0,0.8292853536080376,0.17071464639196246
599,3160-TYXLT,0,0.9288480672702212,0.07115193272977886
600,8111-SLLHI,1,0.32695417528135207,0.6730458247186479
601,1910-FMXJM,0,0.6572443949800719,0.3427556050199281
602,8329-GWVPJ,0,0.8291094162576376,0.17089058374236238
603,6727-IOTLZ,0,0.8841173160819328,0.1158826839180672
604,4902-OHLSK,0,0.521138252987579,0.478861747012421
605,3317-HRTNN,1,0.3700357868706513,0.6299642131293487
606,3769-MHZNV,0,0.9797644507138992,0.020235549286100867
607,3452-FLHYD,0,0.9052833537138504,0.09471664628614963
608,2455-USLMV,0,0.7217110258577812,0.27828897414221876
609,4123-DVHPH,1,0.355206852497836,0.644793147502164
610,5063-IUOKK,0,0.9165926343086185,0.08340736569138152
611,7717-BICXI,0,0.9947607651174849,0.0052392348825150495
612,4130-MZLCC,0,0.7199524127879005,0.28004758721209955
613,0603-OLQDC,0,0.7713442643973576,0.2286557356026424
614,0618-XWMSS,0,0.734823553753625,0.265176446246375
615,6683-VLCTZ,1,0.21458046378989692,0.7854195362101031
616,9388-ZEYVT,0,0.9249284780900471,0.07507152190995288
617,5539-HIVAK,0,0.9037376647421401,0.0962623352578599
618,1038-ZAGBI,0,0.9073953875092837,0.09260461249071626
619,9027-TMATR,0,0.944899842870657,0.05510015712934301
620,5044-XDPYX,0,0.9884776393238823,0.011522360676117643
621,0979-MOZQI,0,0.976433584697435,0.02356641530256501
622,5570-PTWEH,1,0.3631785489681877,0.6368214510318123
623,3580-GICBM,0,0.9919384581332629,0.008061541866737161
624,6693-DJWTY,0,0.9764392098309728,0.023560790169027193
625,0206-OYVOC,0,0.9858324359132024,0.014167564086797608
626,7909-FIOIY,0,0.7780672644894054,0.22193273551059453
627,4381-MHQDC,0,0.9805682140092421,0.019431785990757938
628,3703-KBKZP,1,0.3251150782447515,0.6748849217552485
629,6463-MVYRY,0,0.9836065928442135,0.016393407155786546
630,2495-TTHBQ,0,0.8452436705194066,0.1547563294805933
631,5312-UXESG,0,0.6290203794028474,0.3709796205971526
632,3653-NCRDJ,0,0.9782144441773285,0.021785555822671474
633,5981-ITEMU,0,0.5025365013219869,0.49746349867801315
634,6407-UTSLV,1,0.29156897090046807,0.7084310290995319
635,6692-YQHXC,1,0.49638945289730885,0.5036105471026912
636,3398-FSHON,1,0.26413250352313566,0.7358674964768643
637,5146-CBVOE,0,0.6219777014973431,0.3780222985026569
638,2988-QRAJY,0,0.8952681914972165,0.10473180850278346
639,8434-PNQZX,0,0.9232533139033228,0.07674668609667727
640,8746-OQQRW,0,0.7426479988261756,0.2573520011738244
641,2995-UPRYS,0,0.7842744094215958,0.2157255905784042
642,0114-IGABW,0,0.9848783763312035,0.015121623668796533
643,3736-BLEPA,0,0.7568797517522271,0.24312024824777287
644,5693-PIPCS,0,0.8241424602925933,0.1758575397074067
645,9631-XEYKE,0,0.5872458950986567,0.41275410490134334
646,0822-GAVAP,1,0.34333583293792724,0.6566641670620728
647,2926-JEJJC,0,0.8116369320956367,0.18836306790436327
648,6424-ELEYH,1,0.3635075833914676,0.6364924166085324
649,3530-CRZSB,0,0.8313798216998556,0.16862017830014445
650,8780-RSYYU,0,0.8923765967925854,0.1076234032074146
651,8552-OBVRU,0,0.7420315217662041,0.2579684782337959
652,1877-HKBQX,0,0.9249513726952237,0.07504862730477635
653,1273-MTETI,1,0.17014553765443974,0.8298544623455603
654,7812-FZHPE,0,0.8957209801206835,0.1042790198793165
655,9389-ACWBI,0,0.5787558233276121,0.4212441766723879
656,2452-MRMZF,0,0.9913500694013033,0.008649930598696683
657,3420-YJLQT,1,0.37499139032418016,0.6250086096758198
658,6393-WRYZE,1,0.42308705948227077,0.5769129405177292
659,0898-XCGTF,0,0.7777106166983339,0.22228938330166614
660,8224-IVVPA,0,0.9122405858488944,0.0877594141511055
661,7554-AKDQF,0,0.7618603895814449,0.23813961041855516
662,5135-RDDQL,0,0.9891259884512974,0.010874011548702643
663,5501-TVMGM,1,0.39729825669865615,0.6027017433013439
664,2969-QWUBZ,1,0.4366325857235128,0.5633674142764872
665,6582-PLFUU,0,0.9902172826069786,0.009782717393021337
666,2270-CHBFN,0,0.8743751443939898,0.12562485560601025
667,2434-EEVDB,0,0.9266982742508048,0.0733017257491953
668,0673-IGUQO,0,0.7490064892722185,0.25099351072778153
669,4662-EKDPQ,0,0.5162571584179964,0.48374284158200365
670,4707-MAXGU,0,0.9951014383619637,0.004898561638036288
671,5681-LLOEI,0,0.904870373950376,0.09512962604962408
672,0324-BRPCJ,0,0.6422867137402748,0.3577132862597252
673,3500-RMZLT,0,0.6315322440013504,0.3684677559986495
674,3487-EARAT,0,0.9943590763205277,0.0056409236794723126
675,4451-RWASJ,0,0.9000836324179787,0.0999163675820213
676,9778-OGKQZ,0,0.9788532384455471,0.02114676155445296
677,5226-NOZFC,1,0.4735387667003248,0.5264612332996752
678,0839-QNXME,0,0.9687820567091255,0.03121794329087442
679,1395-WSWXR,0,0.9530286437897707,0.04697135621022928
680,2674-MIAHT,1,0.42553128047963673,0.5744687195203633
681,4139-DETXS,0,0.9921344337562296,0.007865566243770458
682,6369-MCAKO,0,0.9810914477659373,0.018908552234062702
683,0929-PECLO,0,0.6941522405814142,0.3058477594185858
684,4030-VPZBD,0,0.5030853135541642,0.49691468644583575
685,3039-MJSLN,0,0.7470453131521615,0.25295468684783856
686,2722-VOJQL,0,0.8656809617733218,0.1343190382266782
687,1583-IHQZE,1,0.43690036592591286,0.5630996340740871
688,5129-HHMZC,0,0.9743610800358535,0.025638919964146467
689,5146-YYFRZ,0,0.9943950953234271,0.005604904676572985
690,4690-LLKUA,0,0.5680328433088172,0.4319671566911828
691,8069-YQQAJ,0,0.6703824123145832,0.3296175876854168
692,6050-IJRHS,0,0.8082993451471892,0.19170065485281082
693,8620-RJPZN,0,0.668593609851033,0.33140639014896695
694,6235-VDHOM,1,0.49313896416894565,0.5068610358310544
695,3724-UCSHY,0,0.8279515897382613,0.1720484102617387
696,3551-HUAZH,1,0.17218599539106305,0.827814004608937
697,7856-GANIL,0,0.7391041250883648,0.2608958749116353
698,6338-AVWCY,1,0.44775886999437997,0.55224113000562
699,6997-UVGOX,0,0.9901343828006897,0.009865617199310306
700,1346-UFHAX,0,0.5920861477703795,0.4079138522296205
701,8980-WQFWL,0,0.7638610086754334,0.23613899132456662
702,1156-ZFYDO,0,0.6714199135175648,0.3285800864824352
703,6258-PVZWJ,0,0.9768655157085125,0.02313448429148741
704,8714-EUHJO,0,0.5007252394396469,0.4992747605603531
705,4632-XJMEX,0,0.9910375995331394,0.008962400466860638
706,0397-GZBBC,0,0.592482230577206,0.4075177694227941
707,3978-YNKDD,0,0.9405294189977748,0.059470581002225215
708,5940-NFXKV,1,0.36380684189309787,0.6361931581069021
709,6447-EGDIV,0,0.9691797957600903,0.030820204239909672
710,8705-WZCYL,1,0.45038251164088405,0.549617488359116
711,4366-CTOUZ,0,0.8943931156500275,0.10560688434997245
712,3178-CIFOT,0,0.9243685969425894,0.07563140305741062
713,6960-HVYXR,1,0.33138736169760985,0.6686126383023901
714,5382-TEMLV,0,0.9363942300607274,0.06360576993927256
715,1764-VUUMT,0,0.9958985727594395,0.004101427240560452
716,9526-BIHHD,0,0.7028409100361115,0.29715908996388857
717,9863-JZAIC,0,0.9001132474398601,0.09988675256013994
718,6457-USBER,1,0.21664879765937073,0.7833512023406293
719,6839-ITVZJ,0,0.8384862957469987,0.16151370425300127
720,5170-PTRKA,0,0.9843703044014798,0.015629695598520232
721,5052-PNLOS,1,0.22501863187630433,0.7749813681236957
722,2777-PHDEI,1,0.35948302149725486,0.6405169785027451
723,1904-WAJAA,0,0.9294802958864733,0.07051970411352666
724,2223-GDSHL,0,0.920899529826534,0.07910047017346597
725,1493-AMTIE,0,0.5950460581619373,0.40495394183806266
726,6620-JDYNW,0,0.8214263299975727,0.17857367000242733
727,3468-DRVQJ,0,0.8589643486307996,0.14103565136920043
728,1265-XTECC,0,0.9062372178000468,0.09376278219995321
729,6734-GMPVK,1,0.2645752320779282,0.7354247679220718
730,6372-RFVNS,1,0.3594137547527957,0.6405862452472043
731,3190-FZATL,0,0.8824972107040884,0.1175027892959116
732,4111-BNXIF,0,0.9686273295699301,0.031372670430069916
733,7129-AZJDE,0,0.7278263273575758,0.27217367264242426
734,3055-OYMSE,0,0.8138320133648353,0.18616798663516462
735,3810-PJUHR,0,0.9960287138051432,0.003971286194856769
736,2277-BKJKN,0,0.8039988015388297,0.19600119846117028
737,7168-HDQHG,0,0.9591409752391632,0.04085902476083677
738,6728-DKUCO,0,0.9055778729678055,0.09442212703219453
739,2688-BHGOG,1,0.2192427780253816,0.7807572219746184
740,3404-JNXAX,0,0.8137014883631633,0.18629851163683672
741,3688-FTHLT,0,0.6002708471067658,0.3997291528932342
742,1676-MQAOA,0,0.9890432805572057,0.010956719442794258
743,2810-FTLEM,0,0.7772085032685327,0.2227914967314673
744,0867-LDTTC,0,0.6614495547463668,0.3385504452536332
745,8963-JLGJT,0,0.8164085094350341,0.1835914905649659
746,8397-MVTAZ,1,0.3531159656831272,0.6468840343168728
747,3280-MRDOF,0,0.8624762419012615,0.13752375809873854
748,0871-OPBXW,0,0.7138895166950241,0.28611048330497596
749,5130-YPIRV,0,0.9831563504831407,0.016843649516859314
750,5590-YRFJT,0,0.6411774626311013,0.35882253736889863
751,2277-VWCNI,0,0.6414262471532006,0.3585737528467993
752,7284-BUYEC,1,0.48397584959430595,0.516024150405694
753,3675-YDUPJ,0,0.7697853111633739,0.23021468883662605
754,2514-GINMM,1,0.23617083696044805,0.763829163039552
755,0929-HYQEW,0,0.7310053988116141,0.2689946011883859
756,5575-GNVDE,0,0.9623600058215581,0.0376399941784419
757,0674-DGMAQ,1,0.348763483766222,0.651236516233778
758,2074-GUHPQ,0,0.637513360674451,0.362486639325549
759,5287-QWLKY,0,0.8280708987198121,0.17192910128018787
760,7294-TMAOP,1,0.30516895189044313,0.6948310481095569
761,5609-CEBID,1,0.2946897118857881,0.7053102881142119
762,8314-DPQHL,0,0.8701212852312991,0.12987871476870091
763,8946-BFWSG,0,0.9941054074888672,0.005894592511132731
764,6352-TWCAU,0,0.5052899657164213,0.49471003428357874
765,7762-URZQH,0,0.8761971996556194,0.12380280034438064
766,8740-CRYFY,1,0.23750849465600044,0.7624915053439996
767,2640-LYMOV,0,0.6796573371637844,0.32034266283621565
768,3419-SNJJD,0,0.8057256722039565,0.19427432779604348
769,2834-SPCJV,0,0.8499751951526895,0.15002480484731048
770,4625-XMOYM,0,0.9933890363432744,0.006610963656725618
771,6769-DCQLI,0,0.8159766992945084,0.18402330070549153
772,2692-PFYTJ,0,0.6560112726373533,0.3439887273626467
773,5204-HMGYF,0,0.9749052312377966,0.02509476876220345
774,7519-JTWQH,0,0.8827133499131132,0.11728665008688675
775,6284-AHOOQ,1,0.44790487090879116,0.5520951290912088
776,5986-WWXDV,0,0.9745746919373094,0.02542530806269061
777,7501-VTYLJ,0,0.7787832518445331,0.22121674815546688
778,0666-UXTJO,0,0.5289414229233116,0.47105857707668836
779,4291-HPAXL,0,0.7813385613821516,0.2186614386178484
780,3269-ATYWD,1,0.4079576912863073,0.5920423087136927
781,3096-WPXBT,0,0.9178681487200476,0.08213185127995236
782,6646-QVXLR,0,0.6510463981044718,0.3489536018955281
783,5351-QESIO,0,0.6187985403667295,0.3812014596332705
784,5445-PZWGX,0,0.9218419957425157,0.0781580042574843
785,3704-IEAXF,0,0.9917310705475202,0.008268929452479853
786,8985-OOPOS,0,0.8006855801994193,0.1993144198005807
787,7571-YXDAD,1,0.44991431123265957,0.5500856887673404
788,5600-PDUJF,0,0.7213317972584059,0.2786682027415941
789,3279-DYZQM,0,0.9972722775106647,0.002727722489335294
790,7989-CHGTL,0,0.6672202145861048,0.33277978541389525
791,3440-JPSCL,1,0.4740745767252238,0.5259254232747762
792,4353-HYOJD,0,0.9238121549601868,0.07618784503981328
793,8679-JOEVF,0,0.7450408221885472,0.2549591778114528
794,1455-UGQVH,1,0.20400063394451284,0.7959993660554872
795,9577-WJVCQ,0,0.9880823602574165,0.011917639742583518
796,5151-HQRDG,0,0.9159866815592579,0.08401331844074213
797,7781-EWARA,0,0.9765888523424068,0.023411147657593268
798,8450-UYIBU,0,0.6717759304941795,0.32822406950582045
799,1696-MZVAU,0,0.92955944547924,0.07044055452076002
800,5495-GPSRW,0,0.9155357391447769,0.08446426085522311
801,8584-KMVXD,1,0.4845988526991343,0.5154011473008657
802,5089-IFSDP,0,0.8621685616148604,0.13783143838513956
803,9027-YFHQJ,0,0.6281316588337921,0.3718683411662079
804,0523-VNGTF,0,0.8845989868999848,0.11540101310001516
805,7361-YPXFS,0,0.8572173611791413,0.14278263882085873
806,8456-QDAVC,1,0.4495179737333376,0.5504820262666624
807,2091-MJTFX,0,0.8841862567443929,0.1158137432556071
808,8857-CUPFQ,0,0.9948853310407849,0.005114668959215069
809,9361-YNQWJ,0,0.9873667808952526,0.01263321910474731
810,1112-CUNAO,1,0.35412742086265825,0.6458725791373418
811,4441-NIHPT,1,0.3131642150577074,0.6868357849422926
812,8098-TDCBU,0,0.967220405788789,0.03277959421121102
813,3629-WEAAM,0,0.8059321173972747,0.1940678826027254
814,4727-MCYZG,0,0.6327476766915228,0.36725232330847724
815,8595-SIZNC,0,0.8928017401262366,0.10719825987376343
816,9040-KZVWO,0,0.771406431742756,0.228593568257244
817,6461-PPAXN,0,0.9708921861279298,0.02910781387207014
818,4962-CHQPW,0,0.9672616728040949,0.03273832719590511
819,4390-KYULV,0,0.6678796003691758,0.33212039963082424
820,2245-ADZFJ,0,0.9339575428161428,0.06604245718385716
821,0365-GXEZS,0,0.6026624972229715,0.3973375027770285
822,6476-YHMGA,0,0.8319101272900682,0.16808987270993175
823,0722-TROQR,1,0.21505271523331282,0.7849472847666872
824,3692-JHONH,0,0.5876730456454813,0.41232695435451877
825,9967-ATRFS,0,0.9086733690745664,0.09132663092543354
826,3569-VLDHH,0,0.9827480516934582,0.01725194830654175
827,6345-FZOQH,0,0.9963233452438575,0.00367665475614256
828,6916-HIJSE,0,0.9817845234526098,0.01821547654739019
829,8808-ELEHO,1,0.199811047058988,0.800188952941012
830,4547-FZJWE,0,0.9845998157209461,0.015400184279053823
831,1925-TIBLE,1,0.269554818938999,0.730445181061001
832,0139-IVFJG,0,0.5298617812820311,0.4701382187179689
833,4373-VVHQL,1,0.45054905968192227,0.5494509403180777
834,0599-XNYDO,0,0.53099646625243,0.46900353374757
835,9097-ZUBYC,0,0.8299660054489904,0.17003399455100962
836,8701-DGLVH,0,0.9895193112242793,0.01048068877572074
837,3801-HMYNL,1,0.4417757450655754,0.5582242549344246
838,1480-BKXGA,0,0.8808013949685222,0.11919860503147788
839,2792-VPPET,0,0.5589371901278732,0.4410628098721268
840,7315-WYOAW,1,0.4161088915397434,0.5838911084602566
841,5649-ANRML,1,0.3561000920923021,0.6438999079076979
842,0774-RMNUW,0,0.9931252958369271,0.006874704163072898
843,6653-CBBOM,1,0.2891592619856068,0.7108407380143932
844,2180-DXNEG,1,0.28550837750633773,0.7144916224936623
845,4707-YNOQA,0,0.9540317221516583,0.04596827784834171
846,7579-OOPEC,0,0.6655336571167983,0.33446634288320165
847,6519-CFDBX,0,0.5031608764117824,0.4968391235882176
848,8245-UMPYT,1,0.2208321027322434,0.7791678972677566
849,8879-XUAHX,0,0.8750597522435394,0.12494024775646059
850,4464-JCOLN,0,0.8635487495491212,0.13645125045087877
851,4184-TJFAN,0,0.6283780796103933,0.3716219203896067
852,7395-XWZOY,0,0.831512393275994,0.16848760672400595
853,5143-WMWOG,0,0.6328290735796578,0.36717092642034227
854,6994-FGRHH,0,0.8721670432316084,0.12783295676839157
855,1399-UBQIU,1,0.45830950140533033,0.5416904985946697
856,7337-CINUD,0,0.8969695714837652,0.10303042851623477
857,4851-BQDNX,0,0.7099168443750917,0.2900831556249083
858,6505-OZNPG,0,0.8407115483831861,0.15928845161681396
859,4710-NKCAW,0,0.8772904474148954,0.12270955258510459
860,5227-JSCFE,0,0.9930720520686896,0.006927947931310326
861,4958-GZWIY,0,0.6491936548949829,0.35080634510501707
862,7606-BPHHN,0,0.9946799594449601,0.005320040555039831
863,8917-SZTTJ,0,0.9942932788191161,0.0057067211808838865
864,0100-DUVFC,0,0.6974277901469337,0.3025722098530664
865,9492-TOKRI,1,0.49953909571527144,0.5004609042847286
866,4925-LMHOK,0,0.781125516733103,0.218874483266897
867,0378-CJKPV,0,0.9632401077296667,0.03675989227033325
868,6777-TGHTM,0,0.8227827525291224,0.17721724747087766
869,8133-ANHHJ,0,0.8946607757669508,0.10533922423304919
870,4905-JEFDW,0,0.5301645092574693,0.4698354907425307
871,9237-HQITU,1,0.2960388671252874,0.7039611328747126
872,0975-VOOVL,0,0.6715770948209681,0.328422905179032
873,7989-AWGEH,0,0.9133537798350118,0.08664622016498827
874,5600-KTXFM,0,0.5312325108681744,0.46876748913182564
875,0428-AXXLJ,0,0.9055329416870778,0.0944670583129222
876,7517-SAWMO,0,0.6024878379938371,0.3975121620061629
877,2898-LSJGD,0,0.7773414764279335,0.22265852357206647
878,3774-VBNXY,0,0.9964898493057908,0.0035101506942091997
879,1478-VPOAD,0,0.5965233033452128,0.40347669665478725
880,6689-KXGBO,0,0.6219279576822818,0.37807204231771824
881,5322-ZSMZY,0,0.9661526939546794,0.03384730604532063
882,0689-DSXGL,0,0.9134073501151845,0.08659264988481546
883,9314-IJWSQ,1,0.3661959088712561,0.6338040911287439
884,6331-EWIEB,1,0.3349861545478653,0.6650138454521347
885,4039-HEUNW,1,0.37262910012486317,0.6273708998751368
886,2639-UGMAZ,0,0.9565166106946604,0.043483389305339584
887,9150-KPBJQ,0,0.8868366339386166,0.11316336606138347
888,1642-HMARX,0,0.9682372796168154,0.031762720383184624
889,9696-RMYBA,1,0.3845943515180399,0.6154056484819601
890,9661-ACXBS,0,0.5826982793424824,0.4173017206575176
891,3069-SSVSN,0,0.7233926103498094,0.27660738965019055
892,7951-QKZPL,0,0.9629217065907837,0.03707829340921628
893,1205-WNWPJ,0,0.7589313270427067,0.24106867295729334
894,7753-USQYQ,0,0.9537263450187703,0.04627365498122972
895,8819-IMISP,0,0.5104413333133306,0.48955866668666936
896,3511-APPBJ,0,0.6806106015744593,0.31938939842554076
897,7636-PEPNS,0,0.98364197575024,0.01635802424975993
898,7401-RUBNK,0,0.6773967201797704,0.32260327982022957
899,3223-DWFIO,1,0.3042393848240029,0.6957606151759971
900,5846-NEQVZ,0,0.9908713521694734,0.00912864783052661
901,1475-VWVDO,1,0.29107080128588636,0.7089291987141136
902,5876-HZVZM,0,0.8695289174210374,0.13047108257896253
903,9581-GVBXT,0,0.9893520865193796,0.010647913480620481
904,5669-SRAIP,1,0.45703042110889225,0.5429695788911078
905,9530-GRMJG,0,0.959269463212799,0.04073053678720099
906,3347-YJZZE,0,0.8134196496727196,0.1865803503272804
907,4182-BGSIQ,0,0.7778833260802787,0.22211667391972134
908,7672-VFMXZ,0,0.9785016820061608,0.021498317993839167
909,8812-ZRHFP,0,0.7262028727679327,0.2737971272320673
910,7825-GKXMW,0,0.5900296041424665,0.4099703958575335
911,2388-LAESQ,0,0.9011048046761387,0.09889519532386122
912,7216-KAOID,0,0.9775629307881902,0.022437069211809737
913,6595-YGXIT,1,0.3312282745340812,0.6687717254659188
914,7814-LEEVE,0,0.6366517482020781,0.3633482517979218
915,8096-LOIST,0,0.6363723831568169,0.36362761684318307
916,8805-JNRAZ,0,0.7536484596142855,0.24635154038571452
917,2632-UCGVD,0,0.7441745857016704,0.2558254142983296
918,6007-TCTST,0,0.933053267320429,0.06694673267957094
919,1977-STDKI,1,0.2589580332424969,0.7410419667575031
920,5712-AHQNN,0,0.6216433721818072,0.3783566278181928
921,0748-RDGGM,0,0.9283522455580955,0.0716477544419045
922,5360-LJCNJ,0,0.8404672193028796,0.15953278069712037
923,3627-FCRDW,1,0.45588066919261294,0.5441193308073871
924,2823-LKABH,1,0.4803182182413539,0.5196817817586461
925,2330-PQGDQ,0,0.9288760367873135,0.07112396321268659
926,2509-TFPJU,0,0.9951195606579548,0.004880439342045178
927,7789-CRUVC,0,0.8963487371529744,0.10365126284702562
928,9717-QEBGU,1,0.2638182030236583,0.7361817969763417
929,7319-ZNRTR,0,0.9326825928180574,0.06731740718194258
930,9039-RBEEE,0,0.9353309067507334,0.06466909324926656
931,2077-DDHJK,0,0.9936974405551612,0.0063025594448387805
932,4760-THGOT,0,0.6975519105021154,0.3024480894978846
933,8148-NLEGT,0,0.9737951892157505,0.026204810784249476
934,5453-AXEPF,1,0.43802355776151225,0.5619764422384878
935,7586-ZATGZ,0,0.5216409848046302,0.47835901519536983
936,4075-JFPGR,0,0.8712130025130285,0.12878699748697148
937,4338-EYCER,0,0.7850730176293104,0.2149269823706896
938,8143-ETQTI,0,0.9484649094368183,0.05153509056318172
939,2205-YMZZJ,1,0.189338863664945,0.810661136335055
940,9862-KJTYK,0,0.7150752719502214,0.28492472804977864
941,0870-VEMYL,0,0.8855391598012832,0.11446084019871684
942,3373-DIUUN,0,0.9705648051035788,0.029435194896421234
943,2519-LBNQL,0,0.6231577918443152,0.37684220815568475
944,6710-HSJRD,0,0.6321312553709622,0.3678687446290379
945,2928-HLDBA,0,0.8241580150855612,0.17584198491443875
946,2040-XBAVJ,0,0.9528941135206626,0.047105886479337424
947,8266-VBFQL,1,0.31283525972576265,0.6871647402742374
948,7041-TXQJH,0,0.815821042044818,0.18417895795518197
949,6267-DCFFZ,1,0.41922467529069907,0.5807753247093009
950,5176-LDKUH,0,0.880064417310413,0.11993558268958704
951,5995-SNNEW,1,0.2531657936897437,0.7468342063102563
952,7167-PCEYD,0,0.993782698182831,0.00621730181716895
953,9822-WMWVG,0,0.7496640254034339,0.25033597459656604
954,2697-NQBPF,0,0.5103408811904451,0.48965911880955487
955,8788-DOXSU,0,0.9436549491920286,0.056345050807971364
956,5306-BVTKJ,0,0.9587526488031681,0.04124735119683186
957,6979-TNDEU,0,0.8425366322949971,0.15746336770500294
958,5256-SKJGO,0,0.971392180512492,0.028607819487508002
959,3890-RTCMS,0,0.8243480767319387,0.17565192326806134
960,9369-XFEHK,0,0.5534141509309942,0.44658584906900584
961,5312-IRCFR,0,0.8388955640539232,0.16110443594607685
962,6341-JVQGF,0,0.9502427237408487,0.04975727625915131
963,2898-MRKPI,0,0.8658503919582775,0.13414960804172252
964,8854-CCVSQ,1,0.3809400695963461,0.6190599304036539
965,2038-LLMLM,0,0.61674257667586,0.38325742332414003
966,8350-NYMVI,0,0.9303129330787386,0.06968706692126138
967,1565-RHDJD,1,0.47805534986026477,0.5219446501397352
968,6941-KXRRV,0,0.923467269087889,0.07653273091211096
969,8388-FYNPZ,0,0.6878040330232782,0.31219596697672186
970,4395-PZMSN,1,0.21247520179972434,0.7875247982002757
971,7729-JTEEC,0,0.5090173903454733,0.4909826096545266
972,6661-HBGWL,1,0.46952161807770687,0.5304783819222931
973,0603-TPMIB,0,0.9936471564653302,0.006352843534669777
974,5820-PTRYM,0,0.9775998647203842,0.02240013527961579
975,4480-QQRHC,1,0.3226443857371515,0.6773556142628485
976,8286-AFUYI,0,0.6878562330321993,0.31214376696780066
977,9738-QLWTP,0,0.8398905132579609,0.1601094867420391
978,8671-KKKOS,0,0.9377004796600965,0.06229952033990355
979,7786-WBJYI,1,0.4607910405342821,0.5392089594657179
980,8150-QUDFX,0,0.7603921913238201,0.23960780867617998
981,4301-VVZKA,1,0.3427145131731757,0.6572854868268243
982,5172-RKOCB,0,0.9411517804041216,0.05884821959587836
983,4291-TPNFG,0,0.9819249086220243,0.018075091377975645
984,7964-YESJC,0,0.91085624124484,0.08914375875516002
985,8587-XYZSF,0,0.9911818946345256,0.008818105365474452
986,7312-XSBAT,0,0.68263230661878,0.31736769338121995
987,9763-GRSKD,0,0.8436650860499785,0.1563349139500215
988,8705-DWKTI,0,0.7386327611692058,0.2613672388307942
989,9588-OZDMQ,0,0.5062613361060588,0.49373866389394117
990,7660-HDPJV,1,0.29221112177400344,0.7077888782259966
991,9637-EIHEQ,0,0.603614131963127,0.396385868036873
992,3258-SANFR,0,0.6429579875661657,0.3570420124338342
993,5028-GZLDO,1,0.4559871399853198,0.5440128600146802
994,4703-MQYKT,0,0.9461065490953099,0.05389345090469008
995,9386-LDCZR,0,0.9206050628874145,0.07939493711258555
996,9372-TXXPS,0,0.9938731197301875,0.00612688026981246
997,5419-JKZNQ,0,0.622356647916217,0.3776433520837829
998,2055-SIFSS,0,0.9347930553643564,0.06520694463564362
999,0201-OAMXR,0,0.9491842636527902,0.05081573634720986
1000,4132-KALRO,1,0.4212322558661028,0.5787677441338972
1001,5550-VFRLC,1,0.23030808139638836,0.7696919186036116
1002,4090-KPJIP,1,0.26652944177352555,0.7334705582264744
1003,2931-SVLTV,0,0.7902655842136554,0.20973441578634458
1004,6252-DFGTK,0,0.9726300415856998,0.027369958414300195
1005,5027-XWQHA,0,0.6124300735398942,0.3875699264601058
1006,4378-MYPGO,0,0.9127992975757709,0.08720070242422906
1007,2834-JKOOW,0,0.9380440816288833,0.06195591837111665
1008,2043-WVTQJ,0,0.7750778301920975,0.2249221698079025
1009,5998-VVEJY,0,0.5408814941813859,0.45911850581861413
1010,4137-JOPHL,0,0.8769849571201838,0.12301504287981622
1011,0074-HDKDG,0,0.9140929754348974,0.0859070245651026
1012,0823-HSCDJ,0,0.7851280884716946,0.21487191152830545
1013,2207-RYYRL,0,0.9891953421341736,0.010804657865826354
1014,3474-BAFSJ,0,0.9522389423689844,0.04776105763101558
1015,2154-KVJFF,1,0.4030525173543139,0.5969474826456861
1016,0390-DCFDQ,1,0.34317451534798005,0.65682548465202
1017,7633-MVPUY,0,0.9834002572140282,0.01659974278597181
1018,7251-LJBQN,0,0.6977441753946967,0.3022558246053033
1019,3908-BLSYF,1,0.3603109963133878,0.6396890036866122
1020,0887-WBJVH,0,0.8337130296390506,0.16628697036094944
1021,1237-WIYYZ,0,0.860985079117872,0.13901492088212797
1022,2581-VKIRT,0,0.9938623680424868,0.00613763195751313
1023,7608-RGIRO,0,0.9910337289642894,0.008966271035710528
1024,9279-CJEOJ,1,0.3071708389837702,0.6928291610162298
1025,8802-UNOJF,0,0.5295388058010676,0.4704611941989324
1026,7493-TPUWZ,1,0.24538029277520312,0.7546197072247969
1027,0824-VWDPO,0,0.8788657356735708,0.12113426432642917
1028,4763-PGDPO,1,0.40947805751866995,0.59052194248133
1029,0947-IDHRQ,1,0.44577203087708195,0.554227969122918
1030,6464-KEXXH,0,0.5425924301600653,0.45740756983993475
1031,8118-LSUEL,1,0.23020101006321314,0.7697989899367869
1032,3705-PSNGL,0,0.958141465513732,0.041858534486267994
1033,4897-QSUYC,0,0.701780003528885,0.2982199964711149
1034,2568-OIADY,1,0.4190894001530493,0.5809105998469507
1035,1498-NHTLT,0,0.968560475693684,0.03143952430631603
1036,6946-LMSQS,0,0.5435536981972993,0.45644630180270074
1037,6854-EXGSF,0,0.7113797353300256,0.28862026466997437
1038,7895-VONWT,0,0.5632371696475322,0.43676283035246777
1039,8316-BBQAY,0,0.9884650319387956,0.011534968061204317
1040,2968-SSGAA,1,0.22476655474927354,0.7752334452507265
1041,5186-PEIZU,0,0.9495998145416203,0.05040018545837963
1042,3745-HRPHI,0,0.9795775678693446,0.020422432130655387
1043,3276-HDUEG,1,0.3675882957556619,0.6324117042443381
1044,7268-IGMFD,1,0.4848473586451659,0.5151526413548341
1045,8071-SBTRN,0,0.9153070111871032,0.08469298881289676
1046,6631-HMANX,0,0.9696922904302431,0.030307709569756928
1047,2469-DTSGX,0,0.8685588815726902,0.13144111842730977
1048,0471-ARVMX,0,0.7725696609538569,0.2274303390461431
1049,1456-TWCGB,0,0.7397000716051132,0.26029992839488675
1050,3620-MWJNE,0,0.807705973302841,0.19229402669715898
1051,1597-FZREH,0,0.6103341340016996,0.38966586599830044
1052,9689-PTNPG,1,0.24227520930898938,0.7577247906910106
1053,3068-OMWZA,1,0.14665985779962043,0.8533401422003796
1054,8337-MSSXB,1,0.3763987876789865,0.6236012123210135
1055,3481-JHUZH,0,0.5938858645842104,0.4061141354157895
1056,7442-YGZFK,0,0.5108949322392189,0.48910506776078105
1057,3716-BDVDB,1,0.2590573459411618,0.7409426540588382
1058,0186-CAERR,0,0.8963383030951592,0.10366169690484081
1059,3951-NJCVI,1,0.4238451148063359,0.5761548851936641
1060,7601-DHFWZ,0,0.9851028735961229,0.0148971264038771
1061,8710-YGLWG,0,0.5878791411818152,0.4121208588181848
1062,1236-WFCDV,1,0.40314760225962065,0.5968523977403793
1063,2272-JKMSI,0,0.8290280138545418,0.1709719861454582
1064,3061-BCKYI,0,0.8629769666525919,0.1370230333474081
1065,4636-OLWOE,0,0.9658934258889056,0.03410657411109444
1066,7159-FVYPK,0,0.554116910019244,0.44588308998075604
1067,9896-UYMIE,0,0.8954175366953682,0.10458246330463179
1068,8559-CIZFV,0,0.9543586524349514,0.04564134756504851
1069,6322-PJJDJ,0,0.7316290313264358,0.2683709686735643
1070,6900-RBKER,0,0.7970228428444381,0.2029771571555618
1071,3308-JSGML,0,0.9588743226507215,0.041125677349278474
1072,4815-GBTCD,1,0.42033314410466893,0.5796668558953311
1073,1333-PBMXB,0,0.9817293416052782,0.01827065839472172
1074,4929-BSTRX,0,0.6042936126919305,0.39570638730806956
1075,8123-QBNAZ,0,0.691549748989616,0.30845025101038404
1076,9734-YWGEX,1,0.40716406707402486,0.5928359329259751
1077,5868-CZJDR,0,0.544058041370459,0.455941958629541
1078,4000-VGMQP,0,0.9138968591203818,0.0861031408796182
1079,2108-GLPQB,0,0.8140468651688739,0.1859531348311261
1080,6837-HAEVO,0,0.7968493928923177,0.20315060710768232
1081,8982-NHAVY,1,0.4843639106235248,0.5156360893764752
1082,4660-IRIBM,0,0.6692362560417042,0.3307637439582957
1083,4529-CKBCL,1,0.27438450485795673,0.7256154951420433
1084,5453-YBTWV,0,0.9672113780099635,0.032788621990036515
1085,6518-PPLMZ,0,0.9883400647903042,0.011659935209695745
1086,5039-LZRQT,0,0.9203894205381977,0.07961057946180233
1087,5419-CONWX,1,0.2777754440943737,0.7222245559056263
1088,2004-OCQXK,1,0.24356592395036059,0.7564340760496394
1089,9722-UJOJR,0,0.5742870448123141,0.4257129551876859
1090,1657-DYMBM,0,0.9896420851585671,0.01035791484143285
1091,9648-BCHKM,0,0.9072214971126665,0.09277850288733343
1092,5057-LCOUI,0,0.7083321606285671,0.291667839371433
1093,6892-BOGQE,0,0.9941274000993792,0.0058725999006208176
1094,3345-JHUEO,0,0.5769324589507061,0.42306754104929384
1095,8006-PYCSW,0,0.789621546447506,0.21037845355249396
1096,8338-QIUNR,0,0.991823182265655,0.008176817734344937
1097,4024-CSNBY,0,0.9642846753352375,0.035715324664762446
1098,3845-JHAMY,0,0.6686374490640168,0.3313625509359832
1099,2886-KEFUM,0,0.7251868685479139,0.274813131452086
1100,9938-PRCVK,0,0.9828101010119088,0.01718989898809118
1101,6987-XQSJT,0,0.6841822378694061,0.31581776213059387
1102,6195-MELTI,0,0.9830174412060863,0.0169825587939138
1103,8807-ARQET,0,0.8092553588563756,0.1907446411436245
1104,3834-XUIFC,1,0.3314782589290175,0.6685217410709825
1105,8564-LDKFL,0,0.6078161520923986,0.39218384790760136
1106,8200-LGKSR,0,0.9792026838163399,0.020797316183660142
1107,0623-IIHUG,0,0.6508814206336506,0.3491185793663494
1108,9210-IAHGH,0,0.6900878804605259,0.309912119539474
1109,5175-AOBHI,0,0.6575733958623877,0.3424266041376123
1110,3717-FDJFU,0,0.8912584482586708,0.10874155174132918
1111,1552-CZCLL,0,0.9880910767392557,0.011908923260744293
1112,6969-MVBAI,1,0.20984851384331393,0.7901514861566861
1113,9919-FZDED,0,0.9655724677556179,0.0344275322443821
1114,9199-PWQVC,0,0.9726397906811514,0.027360209318848687
1115,4318-RAJVY,0,0.8673104142380168,0.13268958576198325
1116,7410-YTJIK,0,0.5292404943458886,0.47075950565411145
1117,8417-GSODA,0,0.6783976750658437,0.3216023249341563
1118,3307-TLCUD,0,0.8366002859128155,0.16339971408718446
1119,8922-LIEGH,1,0.3525703167207789,0.6474296832792211
1120,3452-GWUIN,1,0.25032430237429604,0.749675697625704
1121,2418-TPEUN,0,0.9907830962887967,0.009216903711203367
1122,0887-HJGAR,0,0.5852686486660601,0.41473135133393996
1123,3346-BRMIS,1,0.4143827945565357,0.5856172054434643
1124,8138-EALND,0,0.8695315742247266,0.1304684257752734
1125,5955-EPOAZ,0,0.7564561585995255,0.24354384140047444
1126,6490-FGZAT,0,0.7988179874309186,0.20118201256908141
1127,3914-FDRHP,1,0.49382277385981166,0.5061772261401883
1128,6993-YCOBK,0,0.8696591361935682,0.13034086380643187
1129,6769-DYBQN,0,0.739200337649873,0.26079966235012697
1130,6479-OAUSD,0,0.9457137047302053,0.054286295269794727
1131,9572-MTILT,0,0.8140195380460049,0.18598046195399504
1132,7191-ADRGF,0,0.9133811348527855,0.08661886514721451
1133,5138-WVKYJ,1,0.421306332278771,0.578693667721229
1134,2585-KTFRE,0,0.7607387263836599,0.23926127361634011
1135,8942-DBMHZ,0,0.8475560932132682,0.15244390678673178
1136,4450-MDZFX,0,0.879297958965961,0.120702041034039
1137,7446-YPODE,0,0.7456625109889619,0.2543374890110381
1138,2080-SRCDE,0,0.7740787996576317,0.22592120034236832
1139,2612-RANWT,1,0.29223384595778357,0.7077661540422164
1140,9030-QGZNL,0,0.9060528486904005,0.09394715130959952
1141,5229-DTFYB,0,0.8334357976753034,0.1665642023246966
1142,9018-PCIOK,0,0.9646533999452083,0.03534660005479174
1143,6141-OOXUQ,0,0.7510247826539261,0.2489752173460739
1144,3798-EPWRR,0,0.5315655806535691,0.46843441934643093
1145,5676-CFLYY,0,0.9853118871200455,0.01468811287995451
1146,4503-BDXBD,1,0.4710490403431723,0.5289509596568277
1147,1303-SRDOK,0,0.9322581981825685,0.0677418018174315
1148,6240-EURKS,0,0.5938400283348587,0.4061599716651413
1149,4282-ACRXS,0,0.74763694812056,0.25236305187943997
1150,5795-KTGUD,0,0.8830174718551654,0.11698252814483459
1151,2511-ALLCS,0,0.9697488633368331,0.030251136663166967
1152,9548-LERKT,0,0.9540966679078979,0.04590333209210211
1153,8191-XWSZG,0,0.9907412635576168,0.009258736442383135
1154,9633-XQABV,1,0.3055899040657263,0.6944100959342737
1155,0959-WHOKV,0,0.7236940609070919,0.27630593909290807
1156,1539-LNKHM,0,0.8676548056890879,0.13234519431091207
1157,7216-EWTRS,1,0.13917398552171234,0.8608260144782877
1158,7657-DYEPJ,0,0.918972871875162,0.08102712812483799
1159,1241-FPMOF,0,0.990305998205401,0.009694001794598988
1160,8922-NPKBJ,0,0.98565435559617,0.014345644403829964
1161,5555-RNPGT,0,0.8127863379542581,0.18721366204574189
1162,6906-ANDWJ,1,0.4358954066103423,0.5641045933896577
1163,5766-XQXMQ,0,0.8603328531157779,0.13966714688422213
1164,0376-YMCJC,1,0.47574584124689767,0.5242541587531023
1165,8780-IHCRN,0,0.9934677245844663,0.006532275415533723
1166,8873-TMKGR,0,0.9617779167613337,0.03822208323866628
1167,6087-YPWHO,0,0.99514473201991,0.0048552679800899405
1168,4583-PARNH,1,0.33053125699154096,0.669468743008459
1169,3104-OWCGK,0,0.886179658529636,0.11382034147036399
1170,4826-TZEVA,0,0.8423837745005465,0.15761622549945356
1171,4631-OACRM,1,0.2646600096857946,0.7353399903142054
1172,8778-LMWTJ,1,0.4937679860251537,0.5062320139748463
1173,1925-LFCZZ,0,0.8765260317124532,0.12347396828754671
1174,3067-SVMTC,0,0.9946677306106728,0.005332269389327205
1175,8084-OIVBS,0,0.9123558123766571,0.08764418762334293
1176,3227-WLKLI,0,0.9852709818253442,0.014729018174655767
1177,5906-BFOZT,0,0.6675189187928476,0.3324810812071524
1178,8152-UOBNY,0,0.6993176486616226,0.30068235133837745
1179,2890-WFBHU,0,0.9854863083476675,0.01451369165233256
1180,5875-YPQFJ,1,0.25699645822624784,0.7430035417737522
1181,8039-EQPIM,0,0.9867275180302431,0.013272481969756939
1182,6542-LWGXJ,0,0.6038058882046082,0.3961941117953917
1183,2856-HYAPG,1,0.38505429154016435,0.6149457084598356
1184,7253-UVNDW,0,0.9808362346693061,0.01916376533069382
1185,0661-KBKPA,0,0.9535387513425617,0.04646124865743834
1186,2096-XOTMO,0,0.910947964039025,0.08905203596097505
1187,0376-OIWME,0,0.6013884245720331,0.3986115754279668
1188,4913-EHYUI,0,0.7794419612466423,0.22055803875335772
1189,3845-FXCYS,0,0.5495395660116581,0.4504604339883419
1190,3251-YMVWZ,0,0.9820497575775634,0.017950242422436553
1191,9972-NKTFD,0,0.9233548254565487,0.07664517454345136
1192,0608-JDVEC,0,0.9812240041703496,0.01877599582965041
1193,7566-DSRLQ,0,0.8587770531377037,0.14122294686229625
1194,2979-SXESE,0,0.6011416802717566,0.39885831972824337
1195,0550-DCXLH,0,0.8248410597911267,0.1751589402088734
1196,9274-UARKJ,1,0.49031531670420947,0.5096846832957905
1197,1871-MOWRM,0,0.7454847077998483,0.2545152922001517
1198,7184-LRUUR,0,0.8773871665625673,0.12261283343743268
1199,9701-CDXHR,0,0.8968101789913446,0.10318982100865534
1200,2773-MADBQ,0,0.9610008264565661,0.03899917354343387
1201,8019-ENHXU,0,0.6038995437037018,0.39610045629629825
1202,2122-SZZZD,0,0.9813322000075556,0.018667799992444386
1203,1934-SJVJK,0,0.7497646222606544,0.25023537773934557
1204,5049-GLYVG,0,0.748626850558048,0.25137314944195194
1205,9314-QDMDW,0,0.6740081812346754,0.32599181876532457
1206,5440-FLBQG,0,0.8343008216568453,0.16569917834315478
1207,8792-AOROI,0,0.9337577118993982,0.06624228810060187
